0,524
123,52
123,51
123,50
123,49
123,48
123,47
123,46
123,45
123,44
123,43
123,42
123,41
123,40
123,39
123,38
123,37
123,36
4,40
4,39
4,4
4,75
4,67
4,36
4,73
4,20
4,77
4,69
4,1
4,18
4,2
4,3
6,6
6,1
6,7
6,2
6,3
7,12
7,10
7,4
7,13
7,9
7,11
7,1
7,6
7,2
7,3
5,4
5,2
5,1
5,3
39,1
39,3
41,1
41,3
34,1
34,3
123,35
68,1
68,3
0,273
0,270
10,125
10,269
10,25
10,69
10,147
10,77
10,101
10,35
11,7
9,5
8,7
8,17
8,11
8,6
84,4
8,2
84,3
84,2
8,3
84,1
84,0
82,3
82,2
82,1
82,0
78,3
78,2
78,1
78,0
72,5
72,4
72,3
72,2
72,1
70,5
70,4
70,3
70,2
70,1
68,2
67,3
67,1
65,5
65,4
65,3
65,2
65,1
65,0
63,5
63,4
63,3
63,2
63,1
63,0
51,3
51,1
50,4
50,3
50,1
48,5
48,3
48,1
45,3
45,1
43,3
43,1
31,3
31,1
20,3
20,2
20,1
